00 1.000000 0.000000 0.000000 0.000000
01 1.000000 0.000000 0.000000 0.000000
02 1.000000 0.000000 0.000000 0.000000
03 0.900000 0.100000 0.000000 0.000000
04 0.900000 0.000000 0.100000 0.000000
05 0.000000 0.555556 0.111111 0.333333
06 0.000000 0.800000 0.100000 0.100000
07 0.000000 0.600000 0.200000 0.200000
08 0.000000 0.600000 0.200000 0.200000
09 0.000000 0.600000 0.300000 0.100000
10 0.000000 0.111111 0.777778 0.111111
11 0.000000 0.111111 0.555556 0.333333
12 0.000000 0.222222 0.555556 0.222222
13 0.000000 0.222222 0.000000 0.777778
14 0.000000 0.111111 0.777778 0.111111
15 0.000000 0.111111 0.777778 0.111111
16 0.222222 0.222222 0.555556 0.000000
17 0.000000 0.500000 0.000000 0.500000
18 0.000000 0.111111 0.777778 0.111111
19 0.000000 0.200000 0.500000 0.300000
20 0.100000 0.500000 0.100000 0.300000
21 0.333333 0.111111 0.222222 0.333333
22 0.000000 0.000000 0.500000 0.500000
23 0.222222 0.444444 0.222222 0.111111
